100 35880 -196379
120 62150 -84238.7
140 98546 25080.8
160 147205 134422
180 210442 246628
200 294052 364541
220 395083 491004
240 519537 628860
260 648396 780951
280 814764 950121
300 1.00574e+06 1.13921e+06
320 1.2206e+06 1.35107e+06
340 1.48357e+06 1.58853e+06
360 1.74526e+06 1.85444e+06
380 2.06151e+06 2.15164e+06
400 2.41173e+06 2.48298e+06
420 2.80292e+06 2.85129e+06
440 3.23479e+06 3.25943e+06
460 3.70776e+06 3.71023e+06
480 4.24413e+06 4.20653e+06
500 4.80427e+06 4.75119e+06
520 5.32781e+06 5.34703e+06
540 6.18548e+06 5.99691e+06
560 6.96808e+06 6.70366e+06
580 7.75944e+06 7.47014e+06
600 8.64319e+06 8.29918e+06
620 9.53249e+06 9.19362e+06
640 1.03836e+07 1.01563e+07
660 1.15413e+07 1.11901e+07
680 1.26304e+07 1.22978e+07
700 1.37218e+07 1.34823e+07
720 1.3939e+07 1.47464e+07
740 1.63573e+07 1.6093e+07
760 1.77497e+07 1.75249e+07
780 1.78414e+07 1.90449e+07
800 2.08512e+07 2.06559e+07
820 2.1766e+07 2.23608e+07
840 2.43183e+07 2.41623e+07
860 2.60327e+07 2.60633e+07
880 2.54919e+07 2.80667e+07
900 3.01135e+07 3.01753e+07
920 3.46468e+07 3.2392e+07
940 3.41129e+07 3.47195e+07
960 3.97759e+07 3.71608e+07
980 3.79956e+07 3.97186e+07
1000 4.24708e+07 4.23959e+07
