1e+06 641608 -98152
1.1e+06 740868 109141
1.2e+06 849732 317703
1.3e+06 956297 527429
1.4e+06 1.07612e+06 738229
1.5e+06 1.19962e+06 950025
1.6e+06 1.33402e+06 1.16275e+06
1.7e+06 1.46782e+06 1.37635e+06
1.8e+06 1.62062e+06 1.59077e+06
1.9e+06 1.76229e+06 1.80597e+06
2e+06 1.91788e+06 2.0219e+06
2.1e+06 2.07577e+06 2.23852e+06
2.2e+06 2.24226e+06 2.45582e+06
2.3e+06 2.41617e+06 2.67374e+06
2.4e+06 2.60319e+06 2.89227e+06
2.5e+06 2.78637e+06 3.11139e+06
2.6e+06 2.98202e+06 3.33106e+06
2.7e+06 3.18449e+06 3.55127e+06
2.8e+06 3.38417e+06 3.77199e+06
2.9e+06 3.59709e+06 3.99321e+06
3e+06 3.80913e+06 4.21492e+06
3.1e+06 4.02704e+06 4.43709e+06
3.2e+06 4.26348e+06 4.6597e+06
3.3e+06 4.50388e+06 4.88276e+06
3.4e+06 4.74076e+06 5.10624e+06
3.5e+06 4.99412e+06 5.33012e+06
3.6e+06 5.2494e+06 5.55441e+06
3.7e+06 5.51387e+06 5.77908e+06
3.8e+06 5.77729e+06 6.00413e+06
3.9e+06 6.04737e+06 6.22955e+06
4e+06 6.33503e+06 6.45533e+06
4.1e+06 6.63097e+06 6.68145e+06
4.2e+06 6.90875e+06 6.90791e+06
4.3e+06 7.21593e+06 7.13471e+06
4.4e+06 7.51718e+06 7.36183e+06
4.5e+06 7.82163e+06 7.58927e+06
4.6e+06 8.14959e+06 7.81702e+06
4.7e+06 8.47564e+06 8.04507e+06
4.8e+06 8.79887e+06 8.27341e+06
4.9e+06 9.13636e+06 8.50205e+06
5e+06 9.46372e+06 8.73097e+06
